{
  "camera_angle_x": 1.1292471112836644,
  "camera_angle_y": 0.7965318205629227,
  "fl_x": 1390.8859678337353,
  "fl_y": 1390.3721874248768,
  "k1": 0,
  "k2": 0,
  "k3": 0,
  "k4": 0,
  "p1": 0,
  "p2": 0,
  "is_fisheye": false,
  "cx": 892.2384751420299,
  "cy": 571.0969759047344,
  "w": 1762.0,
  "h": 1170.0,
  "aabb_scale": 2,
  "frames": [
    {
      "file_path": "train/0001.JPG",
      "sharpness": 35.32846908064388,
      "transform_matrix": [
        [
          -0.7507833568198116,
          0.015506763150828337,
          0.6603664826528264,
          2.675061810917029
        ],
        [
          0.6349769284742198,
          -0.2585292270306472,
          0.7279882822383753,
          2.4709842388015706
        ],
        [
          0.18201277818643136,
          0.9658789670866319,
          0.18425300407001025,
          0.30967886758120217
        ],
        [
          0.0,
          0.0,
          0.0,
          1.0
        ]
      ]
    },
    {
      "file_path": "train/0002.JPG",
      "sharpness": 25.97583373483358,
      "transform_matrix": [
        [
          -0.6377346992997558,
          0.04287048848735648,
          0.7690621395688461,
          3.1181634169337276
        ],
        [
          0.7523752466413578,
          -0.17921541130789878,
          0.6338874699748334,
          2.3146286823615325
        ],
        [
          0.1650028531479991,
          0.9828753519949245,
          0.08203719209101454,
          0.22406108126785468
        ],
        [
          0.0,
          0.0,
          0.0,
          1.0
        ]
      ]
    },
    {
      "file_path": "train/0003.JPG",
      "sharpness": 26.3482241921546,
      "transform_matrix": [
        [
          -0.5538476123977993,
          0.04451830044070857,
          0.8314270522177117,
          3.3667616102140494
        ],
        [
          0.8226286086284598,
          -0.12496005338936148,
          0.5546775255253552,
          2.1033094819588
        ],
        [
          0.1285884695635313,
          0.9911625023048557,
          0.03258679966475553,
          0.17646499089841872
        ],
        [
          0.0,
          0.0,
          0.0,
          1.0
        ]
      ]
    },
    {
      "file_path": "train/0004.JPG",
      "sharpness": 21.099139542749207,
      "transform_matrix": [
        [
          -0.409320126026341,
          0.01749615829147967,
          0.9122230642047623,
          3.6434312258830217
        ],
        [
          0.903377493831912,
          -0.1324168297374181,
          0.4078907780770046,
          1.7661455262064625
        ],
        [
          0.12793020779421796,
          0.9910396902444275,
          0.03839523780708516,
          0.09845255374357528
        ],
        [
          0.0,
          0.0,
          0.0,
          1.0
        ]
      ]
    },
    {
      "file_path": "train/0005.JPG",
      "sharpness": 29.36964558114495,
      "transform_matrix": [
        [
          -0.3023051609821179,
          0.019985026887233817,
          0.953001672787723,
          3.8675186512790143
        ],
        [
          0.9489900517555885,
          -0.08767500648995673,
          0.3028712183518111,
          1.3618202640249308
        ],
        [
          0.08960731728873345,
          0.9959486392026781,
          0.007539015251001699,
          0.04946917300758415
        ],
        [
          0.0,
          0.0,
          0.0,
          1.0
        ]
      ]
    },
    {
      "file_path": "train/0006.JPG",
      "sharpness": 23.727060845407433,
      "transform_matrix": [
        [
          -0.2036474575965454,
          -0.0027290433406007095,
          0.979040481966509,
          3.990740021925454
        ],
        [
          0.9785702245181196,
          -0.031682876080930004,
          0.2034613256857339,
          1.0637852281140856
        ],
        [
          0.03046356349242646,
          0.9994942459454174,
          0.009122697717759072,
          0.028562208394157556
        ],
        [
          0.0,
          0.0,
          0.0,
          1.0
        ]
      ]
    },
    {
      "file_path": "train/0007.JPG",
      "sharpness": 43.09284711320457,
      "transform_matrix": [
        [
          -0.16949453443101845,
          0.015476842707177507,
          0.9854095951076057,
          4.07583158985807
        ],
        [
          0.9848057254638174,
          -0.03569641293498751,
          0.1699513141969136,
          0.8117007145049184
        ],
        [
          0.0378058975747637,
          0.9992428300646979,
          -0.009191336418858297,
          -0.010145431603592008
        ],
        [
          0.0,
          0.0,
          0.0,
          1.0
        ]
      ]
    },
    {
      "file_path": "train/0008.JPG",
      "sharpness": 55.878657300701434,
      "transform_matrix": [
        [
          -0.12418921407353979,
          0.02670926658833146,
          0.9918990141029559,
          4.174298019909072
        ],
        [
          0.9911697641397881,
          -0.04347720176689856,
          0.12526863766161137,
          0.5105468219628196
        ],
        [
          0.046470827007003064,
          0.9986973255181737,
          -0.021074017947155403,
          -0.026354472674301337
        ],
        [
          0.0,
          0.0,
          0.0,
          1.0
        ]
      ]
    },
    {
      "file_path": "train/0009.JPG",
      "sharpness": 39.50294167065317,
      "transform_matrix": [
        [
          -0.05386015017895315,
          0.030823731510207612,
          0.9980726335246316,
          4.221324323616858
        ],
        [
          0.9984731607755032,
          -0.01061456599486233,
          0.05420957664209944,
          0.2610628365374088
        ],
        [
          0.012265049271911342,
          0.9994684730179504,
          -0.030204966509324815,
          -0.03678722870431757
        ],
        [
          0.0,
          0.0,
          0.0,
          1.0
        ]
      ]
    },
    {
      "file_path": "train/0010.JPG",
      "sharpness": 32.28390592318302,
      "transform_matrix": [
        [
          0.012572370510765141,
          0.044138041448217626,
          0.9989463292835914,
          4.27157843945188
        ],
        [
          0.9997621188068123,
          -0.01836140522790939,
          -0.011771346438214633,
          0.01565759624603091
        ],
        [
          0.017822494175917383,
          0.9988566924676829,
          -0.04435838822787658,
          -0.0457031060320048
        ],
        [
          0.0,
          0.0,
          0.0,
          1.0
        ]
      ]
    },
    {
      "file_path": "train/0011.JPG",
      "sharpness": 60.82426183291144,
      "transform_matrix": [
        [
          0.028206195633020313,
          0.03651579917827394,
          0.9989349362849362,
          4.24453378913897
        ],
        [
          0.9996012128496575,
          0.00032047550349346147,
          -0.02823672369351731,
          -0.13247540503312705
        ],
        [
          -0.0013512207085080124,
          0.9993330244208526,
          -0.03649219775203008,
          -0.03703653078157765
        ],
        [
          0.0,
          0.0,
          0.0,
          1.0
        ]
      ]
    },
    {
      "file_path": "train/0012.JPG",
      "sharpness": 46.195182808714826,
      "transform_matrix": [
        [
          0.05377861013188631,
          0.0305690362404477,
          0.998084863680398,
          4.276436777300467
        ],
        [
          0.9984923390060617,
          0.009360441361976363,
          -0.0540872543554569,
          -0.24266318339728452
        ],
        [
          -0.01099591007929481,
          0.9994888274278734,
          -0.03001955697021761,
          -0.029475661002312647
        ],
        [
          0.0,
          0.0,
          0.0,
          1.0
        ]
      ]
    },
    {
      "file_path": "train/0013.JPG",
      "sharpness": 36.49981344823568,
      "transform_matrix": [
        [
          0.14965904887629727,
          0.04864106296326299,
          0.9875404883221507,
          4.37442431103406
        ],
        [
          0.9887203856861525,
          -0.0014576000420080293,
          -0.1497660653510742,
          -0.543099233133597
        ],
        [
          -0.005845341557238767,
          0.9988152593889555,
          -0.04831055356915082,
          -0.07113499283785144
        ],
        [
          0.0,
          0.0,
          0.0,
          1.0
        ]
      ]
    },
    {
      "file_path": "train/0014.JPG",
      "sharpness": 43.36907142522184,
      "transform_matrix": [
        [
          0.20780208770745212,
          0.016492395811821665,
          0.9780318467295005,
          4.228851261451854
        ],
        [
          0.9780314629651856,
          0.013378158250545242,
          -0.2080275999284734,
          -0.8327972340996195
        ],
        [
          -0.016515138337423945,
          0.9997744874493028,
          -0.013350072789492922,
          -0.04223104261938464
        ],
        [
          0.0,
          0.0,
          0.0,
          1.0
        ]
      ]
    },
    {
      "file_path": "train/0015.JPG",
      "sharpness": 33.49269096753802,
      "transform_matrix": [
        [
          0.2653354549265521,
          0.052412079623271095,
          0.9627305283727061,
          3.9881954314273815
        ],
        [
          0.9633494030712805,
          0.02642760452149185,
          -0.26694476829760566,
          -1.0795179718624766
        ],
        [
          -0.039433792115630535,
          0.9982757913628529,
          -0.04347896515047363,
          0.016384849971229656
        ],
        [
          0.0,
          0.0,
          0.0,
          1.0
        ]
      ]
    },
    {
      "file_path": "train/0016.JPG",
      "sharpness": 37.22540874108653,
      "transform_matrix": [
        [
          0.3531887106051628,
          0.02780753785815895,
          0.9351387466743292,
          3.7399447875327074
        ],
        [
          0.9339738866865381,
          0.047554690885269625,
          -0.35416285853043217,
          -1.331219817368617
        ],
        [
          -0.05431863112947499,
          0.9984814931712034,
          -0.009175734255572332,
          0.06389468225099701
        ],
        [
          0.0,
          0.0,
          0.0,
          1.0
        ]
      ]
    },
    {
      "file_path": "train/0017.JPG",
      "sharpness": 24.374556091306978,
      "transform_matrix": [
        [
          0.4054345964872801,
          0.0015029240132869333,
          0.9141228195285973,
          3.5873318504009912
        ],
        [
          0.911976296135867,
          0.06784425834092422,
          -0.4045941075899084,
          -1.5482757883386904
        ],
        [
          -0.0626260589233635,
          0.9976947919188114,
          0.02613577842942029,
          0.09089895531547501
        ],
        [
          0.0,
          0.0,
          0.0,
          1.0
        ]
      ]
    },
    {
      "file_path": "train/0018.JPG",
      "sharpness": 24.629113976316376,
      "transform_matrix": [
        [
          0.4553528423512107,
          -0.02829806644868895,
          0.8898612298500507,
          3.4453082886780324
        ],
        [
          0.8881452458619362,
          0.08411202111258112,
          -0.45179994483974467,
          -1.741207013257848
        ],
        [
          -0.06206296169182582,
          0.9960544098250763,
          0.0634334410730071,
          0.1145343997108756
        ],
        [
          0.0,
          0.0,
          0.0,
          1.0
        ]
      ]
    },
    {
      "file_path": "train/0019.JPG",
      "sharpness": 25.200859918760163,
      "transform_matrix": [
        [
          0.5031983181750309,
          0.005650569802014464,
          0.8641524886494507,
          3.326089734729768
        ],
        [
          0.8602535256262266,
          0.09183200787975158,
          -0.501528417915096,
          -1.9424846313618909
        ],
        [
          -0.08219077948008645,
          0.9957584814512281,
          0.04134878932574711,
          0.1422744989429757
        ],
        [
          0.0,
          0.0,
          0.0,
          1.0
        ]
      ]
    },
    {
      "file_path": "train/0020.JPG",
      "sharpness": 21.607933678286358,
      "transform_matrix": [
        [
          0.5632560353632234,
          0.007882061918081697,
          0.8262448255324378,
          3.17010772461139
        ],
        [
          0.8204853360121109,
          0.11290695241761879,
          -0.5604068463936337,
          -2.220946078579867
        ],
        [
          -0.09770594666428621,
          0.9935743017953353,
          0.05712840616236653,
          0.1721515865969251
        ],
        [
          0.0,
          0.0,
          0.0,
          1.0
        ]
      ]
    },
    {
      "file_path": "train/0021.JPG",
      "sharpness": 16.197041407148962,
      "transform_matrix": [
        [
          0.6262415292653283,
          0.010170411584528234,
          0.7795627683156308,
          2.84864285417679
        ],
        [
          0.7707553692000751,
          0.14235824866368738,
          -0.6210235823917336,
          -2.3960129353823207
        ],
        [
          -0.11729325585745122,
          0.9897629472545789,
          0.08131174801093166,
          0.2374536302074291
        ],
        [
          0.0,
          0.0,
          0.0,
          1.0
        ]
      ]
    },
    {
      "file_path": "train/0022.JPG",
      "sharpness": 20.457096081643435,
      "transform_matrix": [
        [
          0.6651984869120583,
          0.028906287929759772,
          0.746106828490623,
          2.6550421700277846
        ],
        [
          0.7348364977276659,
          0.15182667155184018,
          -0.6610325131283833,
          -2.542034695211049
        ],
        [
          -0.1323869125472528,
          0.9879843563114219,
          0.07975347680456593,
          0.2799374639585356
        ],
        [
          0.0,
          0.0,
          0.0,
          1.0
        ]
      ]
    },
    {
      "file_path": "train/0023.JPG",
      "sharpness": 27.367140384552947,
      "transform_matrix": [
        [
          0.6440117024056358,
          -0.029030333511093475,
          0.7644646276271619,
          2.728049963147968
        ],
        [
          0.7542552177673091,
          0.1911073169900022,
          -0.6281536912760051,
          -2.403321210273423
        ],
        [
          -0.12785927276562115,
          0.9811397622773742,
          0.14497162908117223,
          0.42804626174019395
        ],
        [
          0.0,
          0.0,
          0.0,
          1.0
        ]
      ]
    },
    {
      "file_path": "train/0024.JPG",
      "sharpness": 19.399495986938426,
      "transform_matrix": [
        [
          0.48398811115136187,
          -0.020651062107906053,
          0.87483086473344,
          3.2741292986528183
        ],
        [
          0.8701843710615135,
          0.11690038613355991,
          -0.47865797818703687,
          -1.8955713565214343
        ],
        [
          -0.09238327025291002,
          0.9929289165635422,
          0.07454862856976696,
          0.3424718872933968
        ],
        [
          0.0,
          0.0,
          0.0,
          1.0
        ]
      ]
    },
    {
      "file_path": "train/0025.JPG",
      "sharpness": 30.574010461454368,
      "transform_matrix": [
        [
          0.32181525549504164,
          -0.063845245244427,
          0.9446474082866294,
          3.6147810633667574
        ],
        [
          0.9436108352462628,
          0.10348106522004429,
          -0.31446821897733057,
          -1.3138611933282691
        ],
        [
          -0.07767581950466868,
          0.9925802001818241,
          0.09354685063428379,
          0.27980906552277546
        ],
        [
          0.0,
          0.0,
          0.0,
          1.0
        ]
      ]
    },
    {
      "file_path": "train/0026.JPG",
      "sharpness": 42.66000298283709,
      "transform_matrix": [
        [
          0.16176982518966415,
          -0.021288355577518264,
          0.9865988696360932,
          3.939868255779068
        ],
        [
          0.9863366349866719,
          0.03505042362080828,
          -0.16097052614428953,
          -0.7599290883480546
        ],
        [
          -0.03115391052649585,
          0.9991587830335683,
          0.026667585906690897,
          0.21047289142438072
        ],
        [
          0.0,
          0.0,
          0.0,
          1.0
        ]
      ]
    },
    {
      "file_path": "train/0027.JPG",
      "sharpness": 37.06618825198699,
      "transform_matrix": [
        [
          0.027748057820821903,
          -0.035188114187847064,
          0.9989954163555415,
          3.9995656320450856
        ],
        [
          0.9994647356503689,
          0.01830136706218486,
          -0.02711645542825009,
          -0.2131922555531676
        ],
        [
          -0.017328804878184022,
          0.9992131186968403,
          0.0356771066362331,
          0.2130223182755734
        ],
        [
          0.0,
          0.0,
          0.0,
          1.0
        ]
      ]
    },
    {
      "file_path": "train/0028.JPG",
      "sharpness": 57.4556602879543,
      "transform_matrix": [
        [
          -0.0686054242200971,
          -0.009503930191886313,
          0.9975986021796515,
          3.969694781182313
        ],
        [
          0.9975763663017232,
          -0.012285963787814958,
          0.06848684902996628,
          0.24315614020241788
        ],
        [
          0.011605566068910965,
          0.9998793579212536,
          0.010323779904022938,
          0.22683013958263792
        ],
        [
          0.0,
          0.0,
          0.0,
          1.0
        ]
      ]
    },
    {
      "file_path": "train/0029.JPG",
      "sharpness": 52.844522918811926,
      "transform_matrix": [
        [
          -0.19423354837993068,
          0.019374169275552144,
          0.9807639727482496,
          3.973929532377243
        ],
        [
          0.9802706870507465,
          -0.03351361251279064,
          0.19479788983815727,
          0.8516851885512321
        ],
        [
          0.03664299104143483,
          0.9992504587607345,
          -0.01248246234939364,
          0.2620124625357955
        ],
        [
          0.0,
          0.0,
          0.0,
          1.0
        ]
      ]
    },
    {
      "file_path": "train/0030.JPG",
      "sharpness": 32.32418021501012,
      "transform_matrix": [
        [
          -0.31027828912496913,
          -0.011816528493398912,
          0.9505723291493144,
          3.791127701709129
        ],
        [
          0.948577920098199,
          -0.06976507275641794,
          0.30876004295482495,
          1.325435358530051
        ],
        [
          0.06266827585814086,
          0.9974934607655325,
          0.032855485436589775,
          0.30775146213946125
        ],
        [
          0.0,
          0.0,
          0.0,
          1.0
        ]
      ]
    },
    {
      "file_path": "train/0031.JPG",
      "sharpness": 28.378321717363463,
      "transform_matrix": [
        [
          -0.4201438067322286,
          -0.002838902197637941,
          0.9074530964689965,
          3.5755106227694746
        ],
        [
          0.903867418166034,
          -0.09017283738494598,
          0.4182015659652828,
          1.7592062177395793
        ],
        [
          0.08064038715769008,
          0.9959220853182382,
          0.04045155036256229,
          0.36627404254443563
        ],
        [
          0.0,
          0.0,
          0.0,
          1.0
        ]
      ]
    }
  ]
}