{
  "camera_angle_x": 1.12410241315413,
  "camera_angle_y": 0.7913391703251362,
  "fl_x": 1397.2452710746618,
  "fl_y": 1399.336291399176,
  "k1": 0,
  "k2": 0,
  "k3": 0,
  "k4": 0,
  "p1": 0,
  "p2": 0,
  "is_fisheye": false,
  "cx": 889.7682582696144,
  "cy": 569.4354217831991,
  "w": 1760.0,
  "h": 1169.0,
  "aabb_scale": 2,
  "frames": [
    {
      "file_path": "train/0001.JPG",
      "sharpness": 53.36723630204331,
      "transform_matrix": [
        [
          -0.5293181310249377,
          0.05760591804051243,
          0.8464655187101602,
          3.3500327737608555
        ],
        [
          0.8368451207763851,
          -0.12881453424867448,
          0.5320686606059876,
          1.9709905021282756
        ],
        [
          0.13968736520500571,
          0.9899941282469528,
          0.019976637077309036,
          0.2317073289659864
        ],
        [
          0.0,
          0.0,
          0.0,
          1.0
        ]
      ]
    },
    {
      "file_path": "train/0002.JPG",
      "sharpness": 51.090245158468136,
      "transform_matrix": [
        [
          -0.4697089685930256,
          0.04162170693604968,
          0.8818396216576402,
          3.565210083389169
        ],
        [
          0.8756626606612937,
          -0.10498349502736246,
          0.4713739179201781,
          1.7224032264457292
        ],
        [
          0.11219799260419722,
          0.9936025861852182,
          0.012865114531707543,
          0.1917124940717315
        ],
        [
          0.0,
          0.0,
          0.0,
          1.0
        ]
      ]
    },
    {
      "file_path": "train/0003.JPG",
      "sharpness": 57.395453318576756,
      "transform_matrix": [
        [
          -0.3984011242676613,
          0.0472585180291899,
          0.9159930003260026,
          3.716064851696141
        ],
        [
          0.9092610786624656,
          -0.11085528588336292,
          0.40119246805153547,
          1.5428878517021238
        ],
        [
          0.12050242740288708,
          0.992712313843139,
          0.0011945394477339934,
          0.1581551670880063
        ],
        [
          0.0,
          0.0,
          0.0,
          1.0
        ]
      ]
    },
    {
      "file_path": "train/0004.JPG",
      "sharpness": 48.180891013110426,
      "transform_matrix": [
        [
          -0.34729349922455477,
          0.039468595166864066,
          0.9369255335309217,
          3.860887733482906
        ],
        [
          0.93118892747008,
          -0.10352427640416721,
          0.3495281183998091,
          1.3684557976715543
        ],
        [
          0.11078992170793477,
          0.9938435260044356,
          -0.0007994105950896806,
          0.13751512505811422
        ],
        [
          0.0,
          0.0,
          0.0,
          1.0
        ]
      ]
    },
    {
      "file_path": "train/0005.JPG",
      "sharpness": 47.10373567401555,
      "transform_matrix": [
        [
          -0.24890158158213385,
          0.02926895605308,
          0.9680864273853651,
          4.01134713937854
        ],
        [
          0.9640514179960333,
          -0.08851248211529862,
          0.2505402242547517,
          1.1096304162693995
        ],
        [
          0.09302078340325158,
          0.9956449511305253,
          -0.006185881797977209,
          0.10506341414762375
        ],
        [
          0.0,
          0.0,
          0.0,
          1.0
        ]
      ]
    },
    {
      "file_path": "train/0006.JPG",
      "sharpness": 53.695512092890006,
      "transform_matrix": [
        [
          -0.18694892929160087,
          0.041088342404669125,
          0.9815099826010151,
          4.067295554233505
        ],
        [
          0.9792033448473252,
          -0.07235940443590606,
          0.18953871907736117,
          0.8534701891797082
        ],
        [
          0.07880930957729898,
          0.996531918554768,
          -0.026706329133413635,
          0.09650555347655604
        ],
        [
          0.0,
          0.0,
          0.0,
          1.0
        ]
      ]
    },
    {
      "file_path": "train/0007.JPG",
      "sharpness": 46.82976055215383,
      "transform_matrix": [
        [
          -0.10569209358572769,
          0.03839100080684525,
          0.9936575428188519,
          4.181980155261388
        ],
        [
          0.9925186526462342,
          -0.05734774261800441,
          0.10778664372693984,
          0.6544016428154715
        ],
        [
          0.06112205414230231,
          0.9976158416264139,
          -0.03204258141483819,
          0.0726050972351933
        ],
        [
          0.0,
          0.0,
          0.0,
          1.0
        ]
      ]
    },
    {
      "file_path": "train/0008.JPG",
      "sharpness": 51.039360010738115,
      "transform_matrix": [
        [
          -0.028586658100693305,
          0.03922072269194313,
          0.9988215745970048,
          4.23244701675342
        ],
        [
          0.9984521922273788,
          -0.04657006385023053,
          0.030404752742328497,
          0.346690935230032
        ],
        [
          0.047707680879794274,
          0.9981447610716627,
          -0.037828734059498735,
          0.05625059754899569
        ],
        [
          0.0,
          0.0,
          0.0,
          1.0
        ]
      ]
    },
    {
      "file_path": "train/0009.JPG",
      "sharpness": 47.9617406169507,
      "transform_matrix": [
        [
          0.0011308812684955923,
          0.03412362393947297,
          0.9994169797372259,
          4.295200341636929
        ],
        [
          0.9994019340633296,
          -0.03457993216832296,
          4.9816718607616486e-05,
          0.14896719748087428
        ],
        [
          0.03456147129415514,
          0.9988192061483209,
          -0.03414232155991404,
          0.03894087958462526
        ],
        [
          0.0,
          0.0,
          0.0,
          1.0
        ]
      ]
    },
    {
      "file_path": "train/0010.JPG",
      "sharpness": 48.50017992691708,
      "transform_matrix": [
        [
          0.048006858719852205,
          0.04558575526872775,
          0.9978062339065217,
          4.288696323557685
        ],
        [
          0.9985002869307571,
          -0.028508866027638084,
          -0.04673779580820244,
          0.00561049706046603
        ],
        [
          0.026315746522470648,
          0.9985535456172013,
          -0.04688601081943195,
          0.04057975302961555
        ],
        [
          0.0,
          0.0,
          0.0,
          1.0
        ]
      ]
    },
    {
      "file_path": "train/0011.JPG",
      "sharpness": 46.53418763543604,
      "transform_matrix": [
        [
          0.09232405309150551,
          0.01833473716023726,
          0.9955601973885385,
          4.177950498505504
        ],
        [
          0.995554780225015,
          -0.020402985416809134,
          -0.0919477990883884,
          -0.1926814323687703
        ],
        [
          0.018626561460126072,
          0.9996237069966024,
          -0.02013692153289013,
          0.053176936292847234
        ],
        [
          0.0,
          0.0,
          0.0,
          1.0
        ]
      ]
    },
    {
      "file_path": "train/0012.JPG",
      "sharpness": 50.50306459925356,
      "transform_matrix": [
        [
          0.12615545711720083,
          0.014017682768596794,
          0.9919114401999973,
          4.186497378252201
        ],
        [
          0.991929479347828,
          -0.014560418927474224,
          -0.1259519837136283,
          -0.36237398048990543
        ],
        [
          0.012677091156493148,
          0.9997957285169489,
          -0.015741429075930694,
          0.044906831721568896
        ],
        [
          0.0,
          0.0,
          0.0,
          1.0
        ]
      ]
    },
    {
      "file_path": "train/0013.JPG",
      "sharpness": 29.39853152730321,
      "transform_matrix": [
        [
          0.15694970364946628,
          -0.011354575879062979,
          0.987541322741097,
          4.070600268668859
        ],
        [
          0.9876059965167797,
          0.0007017517883573449,
          -0.15695191361853844,
          -0.4673907738292425
        ],
        [
          0.001089113523235495,
          0.9999352884768661,
          0.011323986961285537,
          0.0631986824511253
        ],
        [
          0.0,
          0.0,
          0.0,
          1.0
        ]
      ]
    },
    {
      "file_path": "train/0014.JPG",
      "sharpness": 43.94670076120482,
      "transform_matrix": [
        [
          0.19967601433352686,
          -0.03213557481580237,
          0.979334873330578,
          4.05129592456694
        ],
        [
          0.9797672478806071,
          -0.007349169116942639,
          -0.20000532416349986,
          -0.7330420060518419
        ],
        [
          0.013624583664440968,
          0.999456499571056,
          0.030017930898405876,
          0.05957776697926873
        ],
        [
          0.0,
          0.0,
          0.0,
          1.0
        ]
      ]
    },
    {
      "file_path": "train/0015.JPG",
      "sharpness": 46.22491060832972,
      "transform_matrix": [
        [
          0.2437031490939183,
          -0.03610220178244839,
          0.969177695852753,
          3.99880563219218
        ],
        [
          0.9698064893629375,
          -0.00038052735914002514,
          -0.243875436213775,
          -0.8952602422522505
        ],
        [
          0.009173238837112588,
          0.9993480305757688,
          0.0349194138531698,
          0.0644067997974605
        ],
        [
          0.0,
          0.0,
          0.0,
          1.0
        ]
      ]
    },
    {
      "file_path": "train/0016.JPG",
      "sharpness": 47.27008141501907,
      "transform_matrix": [
        [
          0.2853584017387712,
          -0.039121196811795336,
          0.9576221146712262,
          3.9119588806693084
        ],
        [
          0.9583720844520747,
          0.021729535141989557,
          -0.2846941781025627,
          -1.077779124614737
        ],
        [
          -0.009671106420772088,
          0.9989981778025471,
          0.04369336835342474,
          0.0751863409189952
        ],
        [
          0.0,
          0.0,
          0.0,
          1.0
        ]
      ]
    },
    {
      "file_path": "train/0017.JPG",
      "sharpness": 62.08655620609626,
      "transform_matrix": [
        [
          0.35012056727819135,
          -0.05753658398781494,
          0.9349358961244854,
          3.831916746496432
        ],
        [
          0.9364612118393849,
          0.04425411887981219,
          -0.34796834867912535,
          -1.3509239580830397
        ],
        [
          -0.02135385417321895,
          0.9973620779112676,
          0.06937505637292407,
          0.077959003293133
        ],
        [
          0.0,
          0.0,
          0.0,
          1.0
        ]
      ]
    },
    {
      "file_path": "train/0018.JPG",
      "sharpness": 66.9471371935883,
      "transform_matrix": [
        [
          0.40857292468083595,
          -0.013742124411971307,
          0.9126222215268911,
          3.748152225402088
        ],
        [
          0.9124012213487593,
          0.03280786686951972,
          -0.407979969058236,
          -1.6179784839623572
        ],
        [
          -0.024334676853629097,
          0.999367198720474,
          0.025942737216828368,
          0.0913226352015052
        ],
        [
          0.0,
          0.0,
          0.0,
          1.0
        ]
      ]
    },
    {
      "file_path": "train/0019.JPG",
      "sharpness": 63.41084675552732,
      "transform_matrix": [
        [
          0.4479390453844004,
          -0.01392347492024584,
          0.8939556747717091,
          3.763694269766553
        ],
        [
          0.8930522579747674,
          0.05452459520974726,
          -0.4466371380028511,
          -1.8544990458570962
        ],
        [
          -0.04252383031295082,
          0.9984153471144493,
          0.036858085844605606,
          0.08594991509520926
        ],
        [
          0.0,
          0.0,
          0.0,
          1.0
        ]
      ]
    },
    {
      "file_path": "train/0020.JPG",
      "sharpness": 66.36834632722115,
      "transform_matrix": [
        [
          0.4949238781572926,
          -0.0032315369257259682,
          0.8689303263145594,
          3.611835117092191
        ],
        [
          0.8671347619743816,
          0.06619718906118863,
          -0.4936549774245419,
          -2.033152052398176
        ],
        [
          -0.05592548080392941,
          0.9978013275797025,
          0.0355647475361758,
          0.1101088836072064
        ],
        [
          0.0,
          0.0,
          0.0,
          1.0
        ]
      ]
    },
    {
      "file_path": "train/0021.JPG",
      "sharpness": 62.459659930235,
      "transform_matrix": [
        [
          0.5501592728608555,
          0.004690365602760189,
          0.8350465705252679,
          3.4367904467693227
        ],
        [
          0.8322928342795878,
          0.07825683988851648,
          -0.5487845706809815,
          -2.2358928234709166
        ],
        [
          -0.06792210604269826,
          0.9969221973010304,
          0.03914996844812585,
          0.13642869501185678
        ],
        [
          0.0,
          0.0,
          0.0,
          1.0
        ]
      ]
    },
    {
      "file_path": "train/0022.JPG",
      "sharpness": 62.40940837297905,
      "transform_matrix": [
        [
          0.576783577912875,
          -0.040625762699295326,
          0.815886175667542,
          3.2723106281565117
        ],
        [
          0.812413107365077,
          0.13302897465599844,
          -0.5677043551738781,
          -2.293604579589619
        ],
        [
          -0.08547307896840652,
          0.9902791724041878,
          0.10973383008177874,
          0.161077327433126
        ],
        [
          0.0,
          0.0,
          0.0,
          1.0
        ]
      ]
    },
    {
      "file_path": "train/0023.JPG",
      "sharpness": 55.890387400372255,
      "transform_matrix": [
        [
          0.6137332126336704,
          0.022179534300409653,
          0.7892018828910983,
          3.092033090698371
        ],
        [
          0.7852896745586251,
          0.08611137786966797,
          -0.6131108852670867,
          -2.425561445595009
        ],
        [
          -0.0815577754628247,
          0.9960386030922477,
          0.035432053311632704,
          0.20005903090957952
        ],
        [
          0.0,
          0.0,
          0.0,
          1.0
        ]
      ]
    },
    {
      "file_path": "train/0024.JPG",
      "sharpness": 59.69762060844357,
      "transform_matrix": [
        [
          0.641801452172221,
          -0.003022137369116737,
          0.7668648920544183,
          2.941447502051977
        ],
        [
          0.7620781319504502,
          0.11413850700506567,
          -0.6373455279685909,
          -2.6197602970669434
        ],
        [
          -0.08560266811657885,
          0.9934602497809273,
          0.07555736434537448,
          0.21663384942456265
        ],
        [
          0.0,
          0.0,
          0.0,
          1.0
        ]
      ]
    },
    {
      "file_path": "train/0025.JPG",
      "sharpness": 52.537999050246405,
      "transform_matrix": [
        [
          0.661916660469387,
          -0.0029788802928091577,
          0.7495715181725755,
          2.728091207117475
        ],
        [
          0.7441068205344574,
          0.12320584284250548,
          -0.6566013706378963,
          -2.7334399785083106
        ],
        [
          -0.09039565378396387,
          0.9923766656628397,
          0.08376860518806235,
          0.17091744677994813
        ],
        [
          0.0,
          0.0,
          0.0,
          1.0
        ]
      ]
    },
    {
      "file_path": "train/0026.JPG",
      "sharpness": 47.968029611056494,
      "transform_matrix": [
        [
          0.6956370852527246,
          -0.03326417357191944,
          0.7176228399151987,
          2.565135154909033
        ],
        [
          0.7123303277900197,
          0.16144617661127406,
          -0.6830231593205015,
          -2.809104499847327
        ],
        [
          -0.09313726282795523,
          0.9863207524962196,
          0.1360030273872128,
          0.19939965600494436
        ],
        [
          0.0,
          0.0,
          0.0,
          1.0
        ]
      ]
    },
    {
      "file_path": "train/0027.JPG",
      "sharpness": 53.69454489780273,
      "transform_matrix": [
        [
          0.7101345839069579,
          -0.011807313474914805,
          0.7039669453021788,
          2.4474297318444176
        ],
        [
          0.6973192345145958,
          0.14988132640252952,
          -0.700914740301409,
          -2.8712386091447555
        ],
        [
          -0.0972355794475003,
          0.9886334888798882,
          0.11466938015428471,
          0.2532805914560871
        ],
        [
          0.0,
          0.0,
          0.0,
          1.0
        ]
      ]
    },
    {
      "file_path": "train/0028.JPG",
      "sharpness": 52.76589392148604,
      "transform_matrix": [
        [
          -0.07954199339443842,
          -0.004469184075422777,
          0.9968214973960097,
          3.6676981671355926
        ],
        [
          0.9953502624825529,
          -0.05485063569183606,
          0.07917867604418331,
          0.18387636609537886
        ],
        [
          0.054322428725369326,
          0.9984845688082565,
          0.008811332444435667,
          0.1500546585572183
        ],
        [
          0.0,
          0.0,
          0.0,
          1.0
        ]
      ]
    },
    {
      "file_path": "train/0029.JPG",
      "sharpness": 46.249906782941395,
      "transform_matrix": [
        [
          -0.2363245490270977,
          0.02119995976015707,
          0.9714428800622251,
          3.610953947011614
        ],
        [
          0.967828227588724,
          -0.08372768653948372,
          0.23727240966705293,
          0.6026878702071643
        ],
        [
          0.08636683049000031,
          0.996263136025448,
          -0.0007310117170994004,
          0.17156231390399576
        ],
        [
          0.0,
          0.0,
          0.0,
          1.0
        ]
      ]
    },
    {
      "file_path": "train/0030.JPG",
      "sharpness": 48.656175718435975,
      "transform_matrix": [
        [
          -0.3098153782716742,
          -0.018755365272896726,
          0.9506117333854783,
          3.293720642132442
        ],
        [
          0.9440564093120257,
          -0.12490626680100356,
          0.30521454839295664,
          1.000874049198538
        ],
        [
          0.11301295245269889,
          0.9919912604341574,
          0.05640400509232193,
          0.1703061323007127
        ],
        [
          0.0,
          0.0,
          0.0,
          1.0
        ]
      ]
    }
  ]
}