{
  "camera_angle_x": 1.1627246840381391,
  "camera_angle_y": 0.8222969948041575,
  "fl_x": 1346.030587391361,
  "fl_y": 1346.3384872147285,
  "k1": 0,
  "k2": 0,
  "k3": 0,
  "k4": 0,
  "p1": 0,
  "p2": 0,
  "is_fisheye": false,
  "cx": 892.0759440627045,
  "cy": 569.7570934788127,
  "w": 1769.0,
  "h": 1174.0,
  "aabb_scale": 2,
  "frames": [
    {
      "file_path": "train/0001.JPG",
      "sharpness": 29.727956648844483,
      "transform_matrix": [
        [
          -0.9828662964663681,
          0.08848024177823519,
          0.16169443433363223,
          0.5571173863435901
        ],
        [
          0.15185664384550263,
          -0.10848556419727612,
          0.9824308841240703,
          3.6596395662432752
        ],
        [
          0.10446723409394665,
          0.9901525787396072,
          0.09319049213955985,
          0.2933359110211021
        ],
        [
          0.0,
          0.0,
          0.0,
          1.0
        ]
      ]
    },
    {
      "file_path": "train/0002.JPG",
      "sharpness": 35.27836857613021,
      "transform_matrix": [
        [
          -0.9777972081099611,
          0.04816838987978462,
          0.20394221249627825,
          0.8860276946084624
        ],
        [
          0.1975196922970869,
          -0.11320068257579194,
          0.9737410213292149,
          3.6074536568173463
        ],
        [
          0.0699899348179212,
          0.9924038551365008,
          0.10117310583125014,
          0.2597160339082458
        ],
        [
          0.0,
          0.0,
          0.0,
          1.0
        ]
      ]
    },
    {
      "file_path": "train/0003.JPG",
      "sharpness": 38.33900056046174,
      "transform_matrix": [
        [
          -0.9403751338676957,
          0.043837196844800405,
          0.33730239813144947,
          1.1200725947008807
        ],
        [
          0.33070087857546604,
          -0.11415273018275829,
          0.9368063210190571,
          3.534745398520006
        ],
        [
          0.07957095274386239,
          0.9924955689440814,
          0.0928493894161131,
          0.2547868353889786
        ],
        [
          0.0,
          0.0,
          0.0,
          1.0
        ]
      ]
    },
    {
      "file_path": "train/0004.JPG",
      "sharpness": 24.852006393179117,
      "transform_matrix": [
        [
          -0.9204418193381297,
          0.022005752756409504,
          0.39025966236374,
          1.5046221236197719
        ],
        [
          0.3852462118664611,
          -0.1178233585685505,
          0.9152611716981073,
          3.51452682128171
        ],
        [
          0.06612271518545465,
          0.9927907146172692,
          0.09997191363268877,
          0.2142886211605555
        ],
        [
          0.0,
          0.0,
          0.0,
          1.0
        ]
      ]
    },
    {
      "file_path": "train/0005.JPG",
      "sharpness": 40.74367466114984,
      "transform_matrix": [
        [
          -0.8370920400527517,
          0.0038750105342953266,
          0.5470483532401905,
          1.842350699615952
        ],
        [
          0.5442451053382085,
          -0.09544963585403406,
          0.8334786333978565,
          3.4312418417695856
        ],
        [
          0.05544530459585193,
          0.9954267182056924,
          0.07779117488292148,
          0.182502618115498
        ],
        [
          0.0,
          0.0,
          0.0,
          1.0
        ]
      ]
    },
    {
      "file_path": "train/0006.JPG",
      "sharpness": 39.61979993661306,
      "transform_matrix": [
        [
          -0.7953975855376626,
          0.024621115028259685,
          0.6055877158799909,
          2.2145514400574844
        ],
        [
          0.6044025627049181,
          -0.04224209616809032,
          0.7955583872394768,
          3.2405129534586337
        ],
        [
          0.045168829096336675,
          0.9988039877850011,
          0.01871819628041608,
          0.17297089008771732
        ],
        [
          0.0,
          0.0,
          0.0,
          1.0
        ]
      ]
    },
    {
      "file_path": "train/0007.JPG",
      "sharpness": 43.344229941481714,
      "transform_matrix": [
        [
          -0.7148767748947449,
          0.007073497553780161,
          0.6992146754449364,
          2.655468015607911
        ],
        [
          0.6987211275074489,
          -0.03167445900840872,
          0.7146926014877082,
          3.0860052399586873
        ],
        [
          0.027202622943786545,
          0.9994732083893089,
          0.017700932916268557,
          0.13587186972843016
        ],
        [
          0.0,
          0.0,
          0.0,
          1.0
        ]
      ]
    },
    {
      "file_path": "train/0008.JPG",
      "sharpness": 47.1182732396315,
      "transform_matrix": [
        [
          -0.6481433280959867,
          -0.0016972275687860883,
          0.7615164776105378,
          3.0436076848976517
        ],
        [
          0.7614674634648856,
          -0.013006867832495408,
          0.6480726220675926,
          2.6881329875223914
        ],
        [
          0.008805017455799126,
          0.9999139667075927,
          0.009722698176784434,
          0.13680622105927331
        ],
        [
          0.0,
          0.0,
          0.0,
          1.0
        ]
      ]
    },
    {
      "file_path": "train/0009.JPG",
      "sharpness": 48.15008938752979,
      "transform_matrix": [
        [
          -0.5921334207459744,
          -0.002068827648607915,
          0.8058372863034784,
          3.3391038629450627
        ],
        [
          0.8058393528122286,
          -0.0027293752144698837,
          0.5921279320975585,
          2.380925947754489
        ],
        [
          0.0009744216786959448,
          0.999994135218925,
          0.0032832970156775653,
          0.13309460967164724
        ],
        [
          0.0,
          0.0,
          0.0,
          1.0
        ]
      ]
    },
    {
      "file_path": "train/0010.JPG",
      "sharpness": 46.07052003748587,
      "transform_matrix": [
        [
          -0.527493904908465,
          -0.011946464982745588,
          0.8494748155583884,
          3.509167344213622
        ],
        [
          0.8494794308781491,
          0.006251951248241207,
          0.5275846942629678,
          2.180594272242046
        ],
        [
          -0.011613647208924811,
          0.9999090934125723,
          0.006850410097316345,
          0.13390467242033657
        ],
        [
          0.0,
          0.0,
          0.0,
          1.0
        ]
      ]
    },
    {
      "file_path": "train/0011.JPG",
      "sharpness": 46.06706663999479,
      "transform_matrix": [
        [
          -0.4894669236205433,
          -0.029639285237923193,
          0.8715180109792047,
          3.702859608791018
        ],
        [
          0.8717180644317299,
          0.009748075898121931,
          0.4899107991866547,
          1.9205784603275926
        ],
        [
          -0.023016229635837722,
          0.999513125374557,
          0.021065739637669036,
          0.14187014481529353
        ],
        [
          0.0,
          0.0,
          0.0,
          1.0
        ]
      ]
    },
    {
      "file_path": "train/0012.JPG",
      "sharpness": 45.84699124296817,
      "transform_matrix": [
        [
          -0.44524790165110073,
          -0.03446673899762649,
          0.8947437342542748,
          3.7535373559779184
        ],
        [
          0.8948101176901769,
          0.019362987996969266,
          0.44602682427758167,
          1.5947355376588384
        ],
        [
          -0.03269800232504459,
          0.9992182537403135,
          0.02221985700351675,
          0.16726084425636528
        ],
        [
          0.0,
          0.0,
          0.0,
          1.0
        ]
      ]
    },
    {
      "file_path": "train/0013.JPG",
      "sharpness": 46.12522077029725,
      "transform_matrix": [
        [
          -0.36694353727103624,
          -0.03581633434903367,
          0.9295534576655292,
          3.9006072385857986
        ],
        [
          0.9291699620222035,
          0.033874854469198724,
          0.36809737286534866,
          1.2778108347063222
        ],
        [
          -0.044672386679306515,
          0.9987841030160743,
          0.02084930310339679,
          0.18091265718235824
        ],
        [
          0.0,
          0.0,
          0.0,
          1.0
        ]
      ]
    },
    {
      "file_path": "train/0014.JPG",
      "sharpness": 39.32461695501841,
      "transform_matrix": [
        [
          -0.24447796311404327,
          -0.04281690986141564,
          0.9687090573493419,
          4.002111527896215
        ],
        [
          0.9686977602740237,
          0.03359161210678373,
          0.2459598602133724,
          0.9656364014668157
        ],
        [
          -0.04307174006308957,
          0.9985180598442484,
          0.03326423577902454,
          0.19728607303470988
        ],
        [
          0.0,
          0.0,
          0.0,
          1.0
        ]
      ]
    },
    {
      "file_path": "train/0015.JPG",
      "sharpness": 41.82606838664446,
      "transform_matrix": [
        [
          -0.20690686397842015,
          -0.045469481615442266,
          0.9773034717473186,
          4.242387347692246
        ],
        [
          0.9776229332358642,
          0.029175623926084474,
          0.2083319067734285,
          0.6861358130310248
        ],
        [
          -0.03798618235830091,
          0.9985395882083418,
          0.03841537113844297,
          0.17808255049839483
        ],
        [
          0.0,
          0.0,
          0.0,
          1.0
        ]
      ]
    },
    {
      "file_path": "train/0016.JPG",
      "sharpness": 42.346952151664624,
      "transform_matrix": [
        [
          -0.08032583370057916,
          -0.0543047748261085,
          0.9952882757676369,
          4.215077899274147
        ],
        [
          0.9949649922897666,
          0.05567353800031332,
          0.08333739427397546,
          0.39951618102624453
        ],
        [
          -0.05993683807285871,
          0.9969711372987329,
          0.04955932651122051,
          0.21315934758181548
        ],
        [
          0.0,
          0.0,
          0.0,
          1.0
        ]
      ]
    },
    {
      "file_path": "train/0017.JPG",
      "sharpness": 41.95670191021844,
      "transform_matrix": [
        [
          -0.005796958626233645,
          -0.05650563470963963,
          0.9983854508785018,
          4.249370971281106
        ],
        [
          0.9972913291229918,
          0.0728813301394133,
          0.009915471407354978,
          0.0008402739449892668
        ],
        [
          -0.07332393965718098,
          0.9957386328611866,
          0.055930089487071705,
          0.24872723845399025
        ],
        [
          0.0,
          0.0,
          0.0,
          1.0
        ]
      ]
    },
    {
      "file_path": "train/0018.JPG",
      "sharpness": 38.763722055436226,
      "transform_matrix": [
        [
          0.0819886943931191,
          -0.07778193926337139,
          0.9935933896344441,
          4.246599576955512
        ],
        [
          0.9929887730749364,
          0.09155612225512882,
          -0.07477147199808472,
          -0.23069688730426904
        ],
        [
          -0.0851536877596711,
          0.9927574962754484,
          0.08474315936391916,
          0.2749282867520741
        ],
        [
          0.0,
          0.0,
          0.0,
          1.0
        ]
      ]
    },
    {
      "file_path": "train/0019.JPG",
      "sharpness": 41.0800305861668,
      "transform_matrix": [
        [
          0.15269938304658012,
          -0.021763071980092107,
          0.9880330293691127,
          4.400413028073834
        ],
        [
          0.98353729728104,
          0.1010990916962737,
          -0.14977769698896953,
          -0.40883952197533907
        ],
        [
          -0.09662961903455165,
          0.994638297254449,
          0.03684256192442314,
          0.2616654188795291
        ],
        [
          0.0,
          0.0,
          0.0,
          1.0
        ]
      ]
    },
    {
      "file_path": "train/0020.JPG",
      "sharpness": 39.27935271337923,
      "transform_matrix": [
        [
          0.18409930103050492,
          -0.04053391261961385,
          0.982071509258337,
          4.374511101900131
        ],
        [
          0.9795875627771508,
          0.08961980778171486,
          -0.17993470178238086,
          -0.643161931674551
        ],
        [
          -0.08071960240834747,
          0.9951508890565209,
          0.05620546064397142,
          0.2794752581403148
        ],
        [
          0.0,
          0.0,
          0.0,
          1.0
        ]
      ]
    },
    {
      "file_path": "train/0021.JPG",
      "sharpness": 39.027148646668685,
      "transform_matrix": [
        [
          0.17508289522131637,
          -0.04569775325727562,
          0.983492600458835,
          4.155988126336328
        ],
        [
          0.9788617554137241,
          0.11533715579902573,
          -0.1688993910012043,
          -0.38409231657949056
        ],
        [
          -0.10571491659103245,
          0.9922746876991517,
          0.06492534613576549,
          0.11326414363749157
        ],
        [
          0.0,
          0.0,
          0.0,
          1.0
        ]
      ]
    },
    {
      "file_path": "train/0022.JPG",
      "sharpness": 42.40761366313224,
      "transform_matrix": [
        [
          0.04424592368697198,
          -0.01545435759678315,
          0.9989011267775608,
          4.134434462912904
        ],
        [
          0.9968691146364692,
          0.0662700318226223,
          -0.0431306290952802,
          0.03454026676729226
        ],
        [
          -0.06553065329378956,
          0.9976820363836391,
          0.01833815054553755,
          0.05200451676934189
        ],
        [
          0.0,
          0.0,
          0.0,
          1.0
        ]
      ]
    },
    {
      "file_path": "train/0023.JPG",
      "sharpness": 41.02401176826421,
      "transform_matrix": [
        [
          -0.18416342921205534,
          -0.0019571972919665824,
          0.9828936873989677,
          3.8778900055289003
        ],
        [
          0.9820713633191566,
          0.04057896332589642,
          0.18409015477171087,
          0.5888390130989385
        ],
        [
          -0.0402451076466147,
          0.9991744177686335,
          -0.0055510536271611574,
          0.03431337502595843
        ],
        [
          0.0,
          0.0,
          0.0,
          1.0
        ]
      ]
    },
    {
      "file_path": "train/0024.JPG",
      "sharpness": 40.30058061848498,
      "transform_matrix": [
        [
          -0.3367326700027115,
          -0.037020492840573314,
          0.9408722506652055,
          3.669284706177897
        ],
        [
          0.9412723361637055,
          0.01313575264528858,
          0.3373927106138867,
          1.1357739423595972
        ],
        [
          -0.024849509583297093,
          0.9992281696997077,
          0.030423128721234965,
          0.018214013733386
        ],
        [
          0.0,
          0.0,
          0.0,
          1.0
        ]
      ]
    },
    {
      "file_path": "train/0025.JPG",
      "sharpness": 39.69434184862208,
      "transform_matrix": [
        [
          -0.4797372736877867,
          -0.03776729236884282,
          0.876598984639418,
          3.405902237024409
        ],
        [
          0.8772192241109084,
          0.00030672671851846256,
          0.4800899277937415,
          1.5817530893084795
        ],
        [
          -0.018400572996337933,
          0.9992865142465364,
          0.03298304666885687,
          0.013227005323931031
        ],
        [
          0.0,
          0.0,
          0.0,
          1.0
        ]
      ]
    },
    {
      "file_path": "train/0026.JPG",
      "sharpness": 41.35246876419741,
      "transform_matrix": [
        [
          -0.600298494132804,
          0.0005906494521183551,
          0.799775824268423,
          3.044052056760212
        ],
        [
          0.7994685618692833,
          -0.027283509660711438,
          0.6000880174468389,
          2.173698722796595
        ],
        [
          0.022175133086558777,
          0.9996275612661741,
          0.015906044095928943,
          -0.004605979600406088
        ],
        [
          0.0,
          0.0,
          0.0,
          1.0
        ]
      ]
    },
    {
      "file_path": "train/0027.JPG",
      "sharpness": 38.9928648828011,
      "transform_matrix": [
        [
          -0.6874920815967936,
          0.015174526348362076,
          0.7260333129415849,
          2.747641654398764
        ],
        [
          0.7250316183871682,
          -0.042150503416660205,
          0.6874245321492602,
          2.6839639417256693
        ],
        [
          0.04103401131336283,
          0.9989960304330319,
          0.0179761259376608,
          -0.01412011339569315
        ],
        [
          0.0,
          0.0,
          0.0,
          1.0
        ]
      ]
    },
    {
      "file_path": "train/0028.JPG",
      "sharpness": 35.2233790505897,
      "transform_matrix": [
        [
          -0.8281945852695909,
          0.07372779729025024,
          0.5555699243533444,
          2.147271633662969
        ],
        [
          0.5553799825464737,
          -0.024949200086920042,
          0.8312223603836252,
          3.1642098684522986
        ],
        [
          0.07514521889445394,
          0.9969662729154332,
          -0.02028415035345434,
          0.0044077245868337925
        ],
        [
          0.0,
          0.0,
          0.0,
          1.0
        ]
      ]
    },
    {
      "file_path": "train/0029.JPG",
      "sharpness": 37.02599451092868,
      "transform_matrix": [
        [
          -0.9128985636616325,
          0.08682406271641739,
          0.39884557739439286,
          1.6015602687861288
        ],
        [
          0.39822677457776035,
          -0.025089100895697044,
          0.9169438221754169,
          3.575845948014704
        ],
        [
          0.08961946485704039,
          0.9959076860627193,
          -0.011671862280052443,
          0.027826241594418998
        ],
        [
          0.0,
          0.0,
          0.0,
          1.0
        ]
      ]
    },
    {
      "file_path": "train/0030.JPG",
      "sharpness": 40.20459335214701,
      "transform_matrix": [
        [
          -0.9591378520457962,
          0.0928187076624432,
          0.26728125315849055,
          0.9525102294537047
        ],
        [
          0.2654501481675691,
          -0.03177341791788373,
          0.9636008866494753,
          3.7867227545727475
        ],
        [
          0.09793262795940916,
          0.9951759329037374,
          0.005836348112194623,
          0.08751646161202828
        ],
        [
          0.0,
          0.0,
          0.0,
          1.0
        ]
      ]
    }
  ]
}