{
  "camera_angle_x": 1.139039439101054,
  "camera_angle_y": 0.8025546552162968,
  "fl_x": 1380.621901183418,
  "fl_y": 1383.4561188972293,
  "k1": 0,
  "k2": 0,
  "k3": 0,
  "k4": 0,
  "p1": 0,
  "p2": 0,
  "is_fisheye": false,
  "cx": 889.6823124174035,
  "cy": 575.7488585446614,
  "w": 1768.0,
  "h": 1174.0,
  "aabb_scale": 2,
  "frames": [
    {
      "file_path": "train/0001.JPG",
      "sharpness": 71.00280556635141,
      "transform_matrix": [
        [
          -0.7765671345059367,
          0.0030472145843361393,
          0.6300271423439745,
          2.398384870846193
        ],
        [
          0.6268018154193088,
          -0.0974334859544699,
          0.7730628693720973,
          2.4570237047378405
        ],
        [
          0.06374142917466585,
          0.9952373738458692,
          0.07375364335915305,
          0.17629670145842583
        ],
        [
          0.0,
          0.0,
          0.0,
          1.0
        ]
      ]
    },
    {
      "file_path": "train/0002.JPG",
      "sharpness": 64.20310745667233,
      "transform_matrix": [
        [
          -0.6516275350610082,
          -0.008388422685362067,
          0.7584927092047528,
          2.7774822546917206
        ],
        [
          0.7570220354237213,
          -0.07040133985285378,
          0.6495854749221613,
          2.229534639103048
        ],
        [
          0.04794990546271686,
          0.9974834764111972,
          0.052225672368574776,
          0.1192427220412624
        ],
        [
          0.0,
          0.0,
          0.0,
          1.0
        ]
      ]
    },
    {
      "file_path": "train/0003.JPG",
      "sharpness": 80.51492021224641,
      "transform_matrix": [
        [
          -0.5896785907588654,
          -0.02072959744702643,
          0.8073719362177028,
          2.9303974569154194
        ],
        [
          0.8065043518024841,
          -0.06806237790157676,
          0.5872974061223484,
          2.1093304764667233
        ],
        [
          0.04277721501937794,
          0.9974656868813385,
          0.05685343763683963,
          0.10654635622525184
        ],
        [
          0.0,
          0.0,
          0.0,
          1.0
        ]
      ]
    },
    {
      "file_path": "train/0004.JPG",
      "sharpness": 39.71843571456612,
      "transform_matrix": [
        [
          -0.519495968617531,
          -0.032826187442043075,
          0.8538421282706494,
          3.0384455542818536
        ],
        [
          0.8541343906905141,
          -0.04807422282189831,
          0.5178255611108975,
          2.0098731921529764
        ],
        [
          0.02404955779789964,
          0.9983042174205654,
          0.05301234055989915,
          0.09532146626419233
        ],
        [
          0.0,
          0.0,
          0.0,
          1.0
        ]
      ]
    },
    {
      "file_path": "train/0005.JPG",
      "sharpness": 39.83765195341811,
      "transform_matrix": [
        [
          -0.43648538727531716,
          -0.04405695329205703,
          0.898632011205553,
          3.1903024133060356
        ],
        [
          0.8996819907763717,
          -0.029441393818329258,
          0.43555197141408936,
          1.8537768236758676
        ],
        [
          0.007267886078806067,
          0.9985951077379934,
          0.05248798562805808,
          0.08279903290495187
        ],
        [
          0.0,
          0.0,
          0.0,
          1.0
        ]
      ]
    },
    {
      "file_path": "train/0006.JPG",
      "sharpness": 43.01513878708796,
      "transform_matrix": [
        [
          -0.3770235567569841,
          -0.04711084456492979,
          0.9250047599749376,
          3.3988679544887503
        ],
        [
          0.9262031709790571,
          -0.01814075058929481,
          0.3765881028874889,
          1.7109736010097665
        ],
        [
          -0.0009611029355184355,
          0.9987249278425148,
          0.05047370393295674,
          0.06576688088599862
        ],
        [
          0.0,
          0.0,
          0.0,
          1.0
        ]
      ]
    },
    {
      "file_path": "train/0007.JPG",
      "sharpness": 69.74566415094179,
      "transform_matrix": [
        [
          -0.3163772133798354,
          -0.0524812171579669,
          0.9471806483988302,
          3.6230140627470413
        ],
        [
          0.9486325542443627,
          -0.016116165798433845,
          0.31596921721549837,
          1.4568755511280196
        ],
        [
          -0.001317528733255774,
          0.998491858277861,
          0.05488417870809113,
          0.052750702061889025
        ],
        [
          0.0,
          0.0,
          0.0,
          1.0
        ]
      ]
    },
    {
      "file_path": "train/0008.JPG",
      "sharpness": 78.45046727023721,
      "transform_matrix": [
        [
          -0.24459318841757755,
          -0.050669285870241776,
          0.968300984018256,
          3.7308590116311215
        ],
        [
          0.9695159536604793,
          0.002250561493025959,
          0.2450178576569035,
          1.290543589988577
        ],
        [
          -0.014594100781222486,
          0.9987129509743861,
          0.04857420900047388,
          0.04346578452334382
        ],
        [
          0.0,
          0.0,
          0.0,
          1.0
        ]
      ]
    },
    {
      "file_path": "train/0009.JPG",
      "sharpness": 95.6068995790305,
      "transform_matrix": [
        [
          -0.2004612770703554,
          -0.021607655974203614,
          0.9794633150864926,
          3.8877234120233473
        ],
        [
          0.9796620889313225,
          0.0045606956543831284,
          0.20060257118458621,
          1.0712156968005282
        ],
        [
          -0.008801585430439894,
          0.9997561248924905,
          0.020253958513390832,
          0.038668230019521826
        ],
        [
          0.0,
          0.0,
          0.0,
          1.0
        ]
      ]
    },
    {
      "file_path": "train/0010.JPG",
      "sharpness": 61.75885617756831,
      "transform_matrix": [
        [
          -0.14575842986909454,
          -0.018753916052976154,
          0.9891424420963714,
          4.050211855474686
        ],
        [
          0.9892564650379575,
          0.008586928984806239,
          0.14593803832865374,
          0.8294298456756658
        ],
        [
          -0.011230605625890948,
          0.9997872550122294,
          0.017300815413963024,
          0.027781361216532432
        ],
        [
          0.0,
          0.0,
          0.0,
          1.0
        ]
      ]
    },
    {
      "file_path": "train/0011.JPG",
      "sharpness": 71.58106176292067,
      "transform_matrix": [
        [
          -0.09568396085202724,
          -0.025254409847355656,
          0.9950913497868068,
          4.192782291685761
        ],
        [
          0.9951486248215927,
          0.02055770302307116,
          0.09621120185357404,
          0.5463311048773232
        ],
        [
          -0.02288654957326102,
          0.9994696571838873,
          0.02316484877900974,
          0.022974873718681846
        ],
        [
          0.0,
          0.0,
          0.0,
          1.0
        ]
      ]
    },
    {
      "file_path": "train/0012.JPG",
      "sharpness": 68.71398278404442,
      "transform_matrix": [
        [
          -0.06493237819099298,
          -0.006017787945276929,
          0.9978715210348008,
          4.265864274409828
        ],
        [
          0.9976799601340934,
          0.020108263039855155,
          0.06504117852833381,
          0.3607392304511826
        ],
        [
          -0.02045686704504254,
          0.999779697727137,
          0.004698149096871489,
          0.02507861820715246
        ],
        [
          0.0,
          0.0,
          0.0,
          1.0
        ]
      ]
    },
    {
      "file_path": "train/0013.JPG",
      "sharpness": 71.67604131410897,
      "transform_matrix": [
        [
          -0.015515862249630898,
          -0.004018917080509805,
          0.9998715449125205,
          4.333885132066759
        ],
        [
          0.9995368765237092,
          0.026118650620720822,
          0.015615651090535598,
          0.14336344671959242
        ],
        [
          -0.026178053554061522,
          0.999650771218055,
          0.0036118024404832253,
          0.023767669478686537
        ],
        [
          0.0,
          0.0,
          0.0,
          1.0
        ]
      ]
    },
    {
      "file_path": "train/0014.JPG",
      "sharpness": 61.01218518451513,
      "transform_matrix": [
        [
          0.01774615056339703,
          -0.010588587589090146,
          0.9997864551766287,
          4.358364442421184
        ],
        [
          0.9993617889510497,
          0.031192424087503667,
          -0.017408258502910744,
          -0.096374394981553
        ],
        [
          -0.03100143423687978,
          0.9994573099907833,
          0.011135375289792195,
          0.03231373053124011
        ],
        [
          0.0,
          0.0,
          0.0,
          1.0
        ]
      ]
    },
    {
      "file_path": "train/0015.JPG",
      "sharpness": 75.55495456947521,
      "transform_matrix": [
        [
          0.056293780563147315,
          0.016120733376833514,
          0.9982840939466583,
          4.427969372165246
        ],
        [
          0.9970872423611109,
          0.05062640532133461,
          -0.05704382705390936,
          -0.3480151452449718
        ],
        [
          -0.05145912349271508,
          0.9985875470088889,
          -0.01322382583568547,
          0.0405126739868993
        ],
        [
          0.0,
          0.0,
          0.0,
          1.0
        ]
      ]
    },
    {
      "file_path": "train/0016.JPG",
      "sharpness": 58.50612790532279,
      "transform_matrix": [
        [
          0.20664854283036155,
          0.008896786993490233,
          0.9783747885799592,
          4.189378595039267
        ],
        [
          0.9762878684606345,
          0.06403038799571477,
          -0.20679000776079628,
          -1.0081074165215633
        ],
        [
          -0.0644854839694302,
          0.9979082906740002,
          0.004545961166154266,
          0.1157537558104137
        ],
        [
          0.0,
          0.0,
          0.0,
          1.0
        ]
      ]
    },
    {
      "file_path": "train/0017.JPG",
      "sharpness": 39.47717907920993,
      "transform_matrix": [
        [
          0.2518220241444883,
          -0.0003999484492352143,
          0.9677734797971115,
          4.066806331452202
        ],
        [
          0.9665755046633865,
          0.04984700266520831,
          -0.25148970179714225,
          -1.162820027509203
        ],
        [
          -0.048140024310532145,
          0.998756785392785,
          0.012939153482847337,
          0.1405535497309937
        ],
        [
          0.0,
          0.0,
          0.0,
          1.0
        ]
      ]
    },
    {
      "file_path": "train/0018.JPG",
      "sharpness": 55.94963593989992,
      "transform_matrix": [
        [
          0.21308601571186236,
          0.03262223341418877,
          0.9764886787857366,
          4.04754508741146
        ],
        [
          0.9760264648974056,
          0.03825710550624432,
          -0.2142632345927748,
          -1.0255258762417885
        ],
        [
          -0.044347375660923616,
          0.9987352921404914,
          -0.023688108971314733,
          -0.02548105889900814
        ],
        [
          0.0,
          0.0,
          0.0,
          1.0
        ]
      ]
    },
    {
      "file_path": "train/0019.JPG",
      "sharpness": 74.63262752631358,
      "transform_matrix": [
        [
          0.1396715159616866,
          0.011821267771406598,
          0.9901273278012482,
          4.0780243374119225
        ],
        [
          0.9895424623560385,
          0.03470963594322937,
          -0.14000341555489917,
          -0.7055231028297225
        ],
        [
          -0.036021976949609825,
          0.9993275232888186,
          -0.006849698948018665,
          -0.05122098131360606
        ],
        [
          0.0,
          0.0,
          0.0,
          1.0
        ]
      ]
    },
    {
      "file_path": "train/0020.JPG",
      "sharpness": 62.14619088851713,
      "transform_matrix": [
        [
          0.07290027240315053,
          0.006473073191096641,
          0.9973182288560705,
          3.981731319869748
        ],
        [
          0.9968591178808041,
          0.03055165637009075,
          -0.07306500797885543,
          -0.29483310669296026
        ],
        [
          -0.030942678963993372,
          0.9995122288487048,
          -0.004225517959507401,
          -0.04443387986602668
        ],
        [
          0.0,
          0.0,
          0.0,
          1.0
        ]
      ]
    },
    {
      "file_path": "train/0021.JPG",
      "sharpness": 49.51042430708804,
      "transform_matrix": [
        [
          -0.0024850944619621593,
          0.035113367557497915,
          0.9993802458153188,
          4.046941534090453
        ],
        [
          0.999788923531548,
          0.02046915639043687,
          0.0017669239636315466,
          -0.003295534841520704
        ],
        [
          -0.02039442789452585,
          0.9991736911353483,
          -0.03515682373906531,
          -0.07202450236419342
        ],
        [
          0.0,
          0.0,
          0.0,
          1.0
        ]
      ]
    },
    {
      "file_path": "train/0022.JPG",
      "sharpness": 87.52787427131366,
      "transform_matrix": [
        [
          -0.0969672798880908,
          0.05786277135535443,
          0.9936041698401745,
          4.063332667568965
        ],
        [
          0.9952419455408582,
          -0.003921590936208509,
          0.09735548757300445,
          0.2634750904577542
        ],
        [
          0.009529767424250013,
          0.9983168439013776,
          -0.057207191132170834,
          -0.07633826715853334
        ],
        [
          0.0,
          0.0,
          0.0,
          1.0
        ]
      ]
    },
    {
      "file_path": "train/0023.JPG",
      "sharpness": 83.4526552129252,
      "transform_matrix": [
        [
          -0.2788506527621669,
          0.04813335908294227,
          0.9591274645213252,
          3.9753943939808383
        ],
        [
          0.9601495637368286,
          -0.005624851993295806,
          0.2794300919658299,
          0.7388664654072131
        ],
        [
          0.018844858985808403,
          0.9988250801742249,
          -0.044646730074654015,
          -0.09414399235344384
        ],
        [
          0.0,
          0.0,
          0.0,
          1.0
        ]
      ]
    },
    {
      "file_path": "train/0024.JPG",
      "sharpness": 54.07954185614372,
      "transform_matrix": [
        [
          -0.4037564088638458,
          0.049116971819896986,
          0.913547089854822,
          3.79014131262287
        ],
        [
          0.9144202954255155,
          -0.009518205949483214,
          0.4046540832234579,
          1.1687620629699629
        ],
        [
          0.028570712548282074,
          0.9987476792645614,
          -0.04107051922896707,
          -0.08165494444545582
        ],
        [
          0.0,
          0.0,
          0.0,
          1.0
        ]
      ]
    },
    {
      "file_path": "train/0025.JPG",
      "sharpness": 57.9812755867912,
      "transform_matrix": [
        [
          -0.4320349665386555,
          0.013179887036910403,
          0.9017605437516307,
          3.6234956421796447
        ],
        [
          0.9014271366622256,
          -0.02455232588786941,
          0.4322340807738766,
          1.637794615092675
        ],
        [
          0.027837115101114866,
          0.9996116615330124,
          -0.0012732445398018829,
          -0.07195104229141361
        ],
        [
          0.0,
          0.0,
          0.0,
          1.0
        ]
      ]
    },
    {
      "file_path": "train/0026.JPG",
      "sharpness": 52.79191252177709,
      "transform_matrix": [
        [
          -0.49592851455960013,
          0.03368867615271153,
          0.8677096182176306,
          3.5665206623279837
        ],
        [
          0.8677383095766914,
          -0.01868046546780081,
          0.496670178592286,
          1.9631035050119634
        ],
        [
          0.03294138036049799,
          0.9992577812109268,
          -0.019968779405902123,
          -0.07105134077210404
        ],
        [
          0.0,
          0.0,
          0.0,
          1.0
        ]
      ]
    },
    {
      "file_path": "train/0027.JPG",
      "sharpness": 53.20370654513441,
      "transform_matrix": [
        [
          -0.6086751350580678,
          0.05042792693418549,
          0.7918153851427508,
          2.919054178032304
        ],
        [
          0.7926803536569912,
          -0.004418857149850633,
          0.6096214650319635,
          2.264454626746349
        ],
        [
          0.03424086577214275,
          0.9987179270886303,
          -0.03728357848389142,
          7.933295826020657e-05
        ],
        [
          0.0,
          0.0,
          0.0,
          1.0
        ]
      ]
    }
  ]
}